18.7224 24.2476 24.3521 23.3854 26.0197 18.6118 15.8932 15.8692 16.5211 17.8653 15.6392 14.8990 16.0601 16.6501 16.3664 13.6507 11.8656 11.9012 11.6736 11.4646 11.5435 12.7624 11.9680 10.8049 10.8743 
20.7452 22.2141 21.6668 20.4239 23.3225 24.1681 19.5180 14.8454 15.4183 15.0680 13.0289 13.8719 14.5325 15.8100 14.9865 12.5069 12.0226 11.0432 11.5128 11.2822 11.7040 11.0089 11.0139 10.7869 10.9648 
20.1115 20.8391 17.2686 19.5639 23.9591 23.0155 24.2412 18.8463 17.2388 15.1124 13.1721 14.9078 14.8841 15.0731 15.1455 14.1138 12.0637 11.8378 11.5260 11.7963 12.5166 10.8705 10.6122 10.4601 10.4798 
20.5458 19.0628 19.1915 19.6940 21.3892 24.9514 20.9389 19.4937 18.9030 17.9675 17.9333 16.0109 15.7518 15.3393 14.8217 15.6185 14.1550 15.0062 13.4923 12.6758 13.3373 11.1939 11.1142 10.4788 10.5474 
18.1237 21.1536 18.7979 22.1682 20.7912 28.0377 27.0676 27.7605 21.6286 18.5914 18.0417 14.9600 17.9729 15.5947 15.7417 17.0681 16.1572 17.0362 15.4195 14.1629 13.2523 11.6628 11.5853 10.9501 11.4327 
21.5471 24.1583 25.2123 20.9599 18.4246 22.9955 29.5268 27.7720 25.6912 21.4598 17.8996 16.1145 19.7038 17.5989 15.2251 16.0723 14.7228 15.0807 15.1380 13.3971 12.0908 11.3056 11.6030 10.9992 12.0379 
19.8621 24.5546 24.0671 22.4265 24.9771 23.4666 26.4860 24.3583 22.5375 18.6729 18.0518 16.8434 19.1963 19.1951 19.2691 18.7088 13.0554 14.3800 12.3191 13.7898 12.0655 10.9498 11.3942 12.7058 12.3252 
22.1881 21.1564 21.6323 19.2922 20.9359 19.8172 21.6394 20.1129 19.7329 18.4265 19.7551 16.5787 19.0983 18.5526 19.5371 21.8373 14.8733 14.7458 13.7036 13.0878 13.2946 11.3783 11.7338 11.4375 13.5244 
19.3074 19.2136 18.0030 17.5723 19.9816 18.4122 19.4659 17.4554 16.4475 16.4522 16.7790 17.1341 18.1599 20.3718 21.7753 23.8095 16.0130 14.4234 13.1863 12.3037 12.7251 12.4137 11.3251 11.6528 12.1263 
17.9466 20.7639 17.6742 17.0493 17.3918 18.6471 15.8904 15.5668 16.6517 15.7443 17.1070 16.0657 17.1059 21.0392 19.3924 19.9004 16.1456 13.0768 11.5463 12.7444 12.7990 12.7279 12.8038 11.9912 12.3197 
15.5736 17.9475 20.2514 17.8638 19.5890 17.3769 15.5194 16.4145 17.4441 13.9811 14.4339 15.9596 17.4473 18.6817 16.8226 19.8109 16.0413 14.7841 12.1942 12.2199 12.5897 12.3274 13.0044 13.8405 13.3480
19.2278 21.2115 24.2427 21.6757 23.2583 20.2894 14.3657 16.0656 18.6099 14.8575 15.7492 16.8732 17.7790 16.4025 16.8966 17.9934 14.9340 14.0937 14.6837 14.3566 13.2176 12.6674 12.9384 13.2898 13.6201 
19.7803 21.2743 21.7085 19.9783 20.1915 20.0636 17.6455 17.3637 17.2017 19.1640 14.6493 17.1803 16.7619 16.4333 17.1569 16.0268 13.7990 15.2249 15.4936 15.9052 15.6592 15.5246 17.2917 14.2000 17.1665 
25.7145 25.5415 23.7631 21.0834 22.8760 23.9250 24.0752 21.9687 17.0111 22.4065 17.8161 18.9172 17.4604 17.3886 17.2669 19.9099 13.6704 13.6888 15.3794 15.7981 15.4414 17.9056 21.4776 17.8307 20.2438 
31.0402 31.1293 24.2289 22.9537 24.1981 21.9180 24.5103 22.8152 21.6318 19.9746 18.2329 15.9308 19.5171 18.0853 17.6206 21.4211 15.0500 15.1123 16.5500 16.7355 16.0260 18.3463 21.2954 20.5986 21.1628 
28.8574 33.9896 33.8823 22.6450 22.3538 18.0616 19.8246 22.7261 20.9526 21.1306 22.6198 18.4750 18.2767 20.1213 19.7101 18.0186 16.6228 14.6032 17.1781 17.8136 17.8957 18.5676 24.9001 23.1469 25.6648 
30.1973 33.2690 33.9828 26.7881 22.0984 20.4847 20.3977 20.0466 19.4268 17.4541 18.7096 18.1752 19.2970 20.8207 20.2986 19.4406 14.9598 13.6773 15.3874 16.3858 20.3567 21.1111 24.8361 25.6228 21.2341 
32.0881 34.7531 29.6767 31.1245 22.1857 20.3144 18.9316 19.7085 18.7774 19.4597 19.4120 15.9412 20.7262 20.2604 21.2899 20.6337 18.2512 16.0597 16.7743 17.9373 23.3734 21.9072 17.7005 18.6536 20.9116 
34.0859 33.4519 30.8337 24.2830 18.1869 15.7145 14.6022 15.4694 14.7277 17.3696 17.2251 16.7429 17.0488 20.5302 23.1270 24.0858 18.3447 16.1603 18.9362 17.9710 22.6050 19.3728 19.9705 19.3265 21.8019 
32.6435 29.3565 22.5713 24.6045 19.1601 16.2548 15.8433 17.6576 17.7490 23.5511 20.5696 20.4056 21.8956 23.1108 22.3018 24.3795 20.0559 20.3364 20.5787 23.2175 22.1467 26.6699 27.6283 21.7751 23.7456 
32.3228 37.2814 28.2374 20.9666 22.7181 18.4691 15.8858 17.8351 21.0368 21.1559 21.8649 25.5307 23.0802 26.8015 26.8384 24.2476 23.2170 23.7993 24.7702 23.0546 23.8782 26.1106 24.9310 24.5323 25.3364 
31.4520 27.4456 27.7896 21.3830 21.8464 17.6003 17.6446 16.7448 19.5284 20.5842 24.4847 20.7314 27.3850 22.7557 21.9555 22.7078 18.7169 17.9808 19.7120 18.2260 20.2695 23.4120 21.1885 20.5514 23.4148 
29.1864 36.5238 24.4490 20.6701 19.3014 17.5110 19.6977 17.5373 16.0406 20.3742 19.8018 20.5690 20.2305 17.9079 18.9791 20.1684 17.2983 17.2051 16.7492 18.3863 18.8925 17.8223 19.7180 15.3212 21.1166 
27.3237 27.0877 21.8038 20.4506 18.8020 16.7638 15.7968 14.9952 17.6566 17.8514 16.8427 18.4971 20.4999 16.8743 15.7780 19.6772 16.6041 15.5802 16.8926 17.4106 17.5869 19.0052 19.0633 16.0391 20.1882 
25.5629 29.7548 27.2364 20.0505 18.4263 19.6351 16.0099 14.7619 17.3508 18.4154 19.0436 19.5985 22.0888 21.9426 22.3393 23.4143 18.1697 17.7889 15.9366 17.4572 22.0272 20.4504 21.4325 21.8421 26.5693 
